

Filial	 	
062 - PR LONDRINA CT
 	Grupo	 	

TODOS
Data Movimento	 	
26/08/2022
  e  
26/08/2022
 	 Departamento	 	

TODOS
Layout para impressão.
 
 
  Resultado da Pesquisa : ( 84 Regs. )  


Grupo	Departamento	Outras Vendas	Cartão Riachuelo	Devoluções	Vendas Líquidas	%Vendas Depto s/ grupo	Venda Física	Total Desc	Cota	%Venda s/ Cota	Venda Líquida Acumulada	Cota Acumulada	%Venda Acum. / Cota
1	100-Bebe Meninas	139,70	117,82	0,00	257,52	4,20	5	21,98	 	 	-231,58	 	 
1	101-Carters	0,00	221,66	0,00	221,66	3,61	2	28,14	 	 	-636,22	 	 
1	102-Bebe Meninos	149,80	460,76	119,90	490,66	8,00	11	58,34	 	 	141,46	 	 
1	105-Primeiros Passos Meninas	259,50	341,92	0,00	601,42	9,81	12	37,38	 	 	-7,38	 	 
1	106-Primeiros Passos Meninos	355,10	163,04	0,00	518,14	8,45	13	32,56	 	 	-40,76	 	 
1	110-Infantil Meninas	249,60	197,36	0,00	446,96	7,29	7	12,34	 	 	-626,05	 	 
1	115-Infantil Meninos	89,80	73,67	0,00	163,47	2,67	5	62,03	 	 	-619,78	 	 
1	120-Juvenil Meninas	69,80	173,65	0,00	243,45	3,97	6	25,95	 	 	-585,05	 	 
1	125-Juvenil Meninos	49,90	369,41	0,00	419,31	6,84	7	49,99	 	 	-898,59	 	 
1	130-Inf. Juv. Acess=rios	0,00	51,52	0,00	51,52	0,84	1	8,38	 	 	-78,18	 	 
1	131-Praia Infantil	195,60	323,10	0,00	518,70	8,46	10	16,30	 	 	319,00	 	 
1	135-Moda Intima Inf.Jv	135,60	102,61	0,00	238,21	3,88	9	18,89	 	 	108,51	 	 
1	142-Inf Meninas Licenc	59,80	348,57	0,00	408,37	6,66	11	26,53	 	 	69,17	 	 
1	145-Inf Meninos Licenciados	229,50	126,54	49,90	306,14	4,99	8	19,16	 	 	16,74	 	 
1	150-Inf Jeans Meninas	359,70	178,18	0,00	537,88	8,77	5	1,62	 	 	-950,62	 	 
1	151-Inf Jeans Meninos	439,60	100,92	89,90	450,62	7,35	6	18,88	 	 	-379,70	 	 
1	165-Inf. Pijamas	0,00	318,25	76,14	242,11	3,95	5	71,25	 	 	-7,59	 	 
1	175-Inf. Meias e Pantufas	75,70	0,00	59,80	15,90	0,26	3	0,00	 	 	-39,90	 	 
TOTAL GRUPO		2.858,70	3.668,98	395,64	6.132,04	11,00	126	509,72	0,00	0,00	-4.446,52	0,00	0,00
2	200-Fem Jovem Casual	329,70	609,38	69,80	869,28	3,91	13	29,62	 	 	-2.447,22	 	 
2	204-Fem Licenciados	259,60	39,92	0,00	299,52	1,35	5	9,98	 	 	50,02	 	 
2	205-Fem Jovem Urbano	159,60	117,20	0,00	276,80	1,25	8	12,40	 	 	-1.290,40	 	 
2	206-Fem. Jeanseria	1.299,19	262,57	299,80	1.261,96	5,68	11	37,23	 	 	-2.175,36	 	 
2	208-Fem. Bßsicos	1.104,50	697,62	189,70	1.612,42	7,25	29	44,98	 	 	-1.684,92	 	 
2	216-Fem Jeans Adulto Urbano	159,90	127,61	0,00	287,51	1,29	2	12,29	 	 	-1.720,60	 	 
2	217-Fem Jeans Adulto Casual	1.069,40	596,26	0,00	1.665,66	7,49	10	33,34	 	 	186,10	 	 
2	225-Neo Dia	911,10	439,06	121,70	1.228,46	5,53	37	106,14	 	 	587,76	 	 
2	226-Fem Jeans Jovem Urbano	229,70	182,48	0,00	412,18	1,85	4	17,42	 	 	-347,32	 	 
2	227-Fem Jeans Jovem Casual	299,80	648,80	0,00	948,60	4,27	8	70,60	 	 	-424,39	 	 
2	230-AK	3.212,64	3.602,33	616,04	6.198,93	27,88	92	325,83	 	 	-12.485,20	 	 
2	235-Fem. Ginßstica	549,20	831,95	287,43	1.093,72	4,92	24	64,65	 	 	-2.008,62	 	 
2	240-Fem. Praia	319,70	181,73	249,70	251,73	1,13	6	17,97	 	 	-592,05	 	 
2	245-Grandes Marcas	1.018,00	421,89	0,00	1.439,89	6,48	28	33,31	 	 	1.124,49	 	 
2	255-Fem. Acess=rios	0,00	46,82	0,00	46,82	0,21	1	3,08	 	 	6,92	 	 
2	265-Jovem Noite	629,10	118,11	179,70	567,51	2,55	11	31,69	 	 	-2.146,91	 	 
2	275-Meias Femininas	314,99	338,14	59,80	593,33	2,67	23	30,57	 	 	447,73	 	 
2	290-Fem. Plus Size	837,32	692,10	47,92	1.481,50	6,66	13	49,28	 	 	272,60	 	 
2	550-Rel=gios	0,00	749,70	0,00	749,70	3,37	3	0,00	 	 	-1.019,60	 	 
2	560-Bijuteria	69,80	77,13	0,00	146,93	0,66	4	2,67	 	 	146,93	 	 
2	565-+culos	79,90	72,88	0,00	152,78	0,69	2	7,02	 	 	88,02	 	 
2	572-Basket	294,55	510,21	159,60	645,16	2,90	36	43,64	 	 	645,16	 	 
TOTAL GRUPO		13.147,69	11.363,89	2.281,19	22.230,39	39,89	370	983,71	0,00	0,00	-24.786,86	0,00	0,00
3	305-Masc. Jovem Urbano	341,81	679,69	227,70	793,80	7,16	17	166,80	 	 	-1.910,51	 	 
3	306-Masc. Licenciados	379,30	113,43	0,00	492,73	4,45	9	16,37	 	 	372,93	 	 
3	310-Masc. Esportes	326,36	218,90	69,90	475,36	4,29	13	93,44	 	 	-1.001,94	 	 
3	314-Masc. Basicos	988,00	1.131,51	179,70	1.939,81	17,50	44	136,09	 	 	-3.445,85	 	 
3	315-Masc. Jovem Casual	399,10	71,76	49,90	420,96	3,80	12	37,94	 	 	-1.346,26	 	 
3	320-Masc Adulto Urbano	469,40	275,78	49,90	695,28	6,27	9	13,92	 	 	-1.147,43	 	 
3	325-Masc. Adulto Office	379,70	359,70	139,90	599,50	5,41	6	0,00	 	 	-3.467,20	 	 
3	330-Masc. Underwear e Pijamas	583,58	582,68	69,90	1.096,36	9,89	32	105,54	 	 	-155,66	 	 
3	331-Masc. Praia	79,80	85,32	0,00	165,12	1,49	4	4,48	 	 	165,12	 	 
3	340-Masc. Plus Size	99,90	0,00	0,00	99,90	0,90	1	0,00	 	 	-418,52	 	 
3	350-Masc. Jeanseria	359,70	341,73	0,00	701,43	6,33	6	37,97	 	 	-1.936,57	 	 
3	360-Masc Jeans Jovem Urbano	119,90	137,82	0,00	257,72	2,33	2	22,08	 	 	-961,28	 	 
3	365-Masc Jeans Jovem Casual	222,30	99,90	0,00	322,20	2,91	3	17,50	 	 	-706,80	 	 
3	370-Masc Jeans Adulto Urbano	699,50	90,83	139,90	650,43	5,87	7	18,97	 	 	-158,87	 	 
3	375-Masc. Meias e Pantufas	258,71	42,22	0,00	300,93	2,71	10	12,07	 	 	35,63	 	 
3	380-Masc Jeans Adulto Casual	469,70	891,42	139,90	1.221,22	11,02	9	27,98	 	 	-5.215,59	 	 
3	390-Masc. Adulto Casual	509,40	402,35	59,80	851,95	7,69	13	66,95	 	 	-4.098,18	 	 
TOTAL GRUPO		6.686,16	5.525,04	1.126,50	11.084,70	19,89	197	778,10	0,00	0,00	-25.396,98	0,00	0,00
4	400-Cama	349,70	1.232,83	0,00	1.582,53	0,00	15	21,97	 	 	653,63	 	 
4	405-Banho	119,80	260,19	0,00	379,99	0,00	12	38,81	 	 	-269,51	 	 
4	410-Mesa e Servir	129,80	0,00	0,00	129,80	0,00	2	0,00	 	 	4,20	 	 
4	425-Moda Casa Infantil	0,00	115,82	0,00	115,82	0,00	2	13,98	 	 	-84,08	 	 
4	430-Decor Ambiente	69,90	47,92	0,00	117,82	0,00	2	41,98	 	 	117,82	 	 
TOTAL GRUPO		669,20	1.656,76	0,00	2.325,96	4,17	33	116,74	0,00	0,00	422,06	0,00	0,00
5	500-Caltados Femininos	652,46	563,46	73,06	1.142,86	54,58	13	52,78	 	 	443,56	 	 
5	505-Caltados Masculinos	118,93	0,00	0,00	118,93	5,68	2	10,87	 	 	-868,18	 	 
5	510-Caltados Infanto-Juvenis	109,80	149,80	0,00	259,60	12,40	4	0,00	 	 	-279,40	 	 
5	515-Chinelos	29,90	0,00	0,00	29,90	1,43	1	0,00	 	 	-197,50	 	 
5	520-Bolsas e Acess Fem	565,50	93,24	139,90	518,84	24,78	6	6,66	 	 	-30,66	 	 
5	540-Masc Acess=rios	73,56	0,00	49,90	23,66	1,13	2	6,24	 	 	-275,64	 	 
TOTAL GRUPO		1.550,15	806,50	262,86	2.093,79	3,76	28	76,55	0,00	0,00	-1.207,82	0,00	0,00
6	530-Eletr. Celulares Tablets	989,11	5.696,00	0,00	6.685,11	0,00	5	9,89	 	 	5.536,11	 	 
TOTAL GRUPO		989,11	5.696,00	0,00	6.685,11	11,99	5	9,89	0,00	0,00	5.536,11	0,00	0,00
7	280-Fragrancias	1.055,48	627,85	0,00	1.683,33	0,00	14	333,27	 	 	563,68	 	 
7	281-Maquiagem	1.181,46	934,72	0,00	2.116,18	0,00	57	590,12	 	 	2.116,18	 	 
7	282-Tratamento	247,08	287,05	0,00	534,13	0,00	22	112,29	 	 	534,13	 	 
7	283-Solares	44,72	237,79	0,00	282,51	0,00	6	59,89	 	 	216,61	 	 
7	284-Capilar	130,88	217,15	0,00	348,03	0,00	9	91,07	 	 	348,03	 	 
7	285-Marca Propria	36,64	140,31	0,00	176,95	0,00	8	34,25	 	 	151,05	 	 
7	289-Outros	12,72	28,72	0,00	41,44	0,00	2	10,36	 	 	41,44	 	 
TOTAL GRUPO		2.708,98	2.473,59	0,00	5.182,57	9,30	118	1.231,25	0,00	0,00	3.971,12	0,00	0,00
TOTAL FILIAL		28.609,99	31.190,76	4.066,19	55.734,56	100,00	877	3.705,96	0,00	0,00	-45.908,89	0,00	0,00
 	 	 	 	 	 	 	 	 	 	 	 	 	 